000770
000326
004305
003877
003138
000019
002455
003727
000208
002667
004195
003121
002083
004559
003282
000285
000021
004751
003048
003869
003895
002396
004349
002433
002633
003750
004039
003558
003263
000245
000615
003632
002291
000402
003893
002484
000172
002298
003427
004336
003298
003349
002287
000737
002325
002673
000668
000218
003831
003230
004175
000624
000481
002060
002225
002790
004042
000617
002388
004730
002258
003618
000238
003004
003862
000034
002119
000158
002744
000175
003161
002449
000002
002531
000886
002540
003983
002726
003906
002186
002048
004134
004802
003490
004377
002414
002641
003239
000478
002741
003747
003339
003034
003311
000708
003749
000888
000162
000229
002215
000236
003494
000131
003624
000616
000589
002175
002443
000095
002707
000654
000837
003721
000415
003564
000604
000492
000861
004793
004239
003013
003717
003225
004715
002034
004226
003405
000512
003782
000393
002468
003926
003567
003858
003801
003779
004106
002691
002112
002198
000203
004654
004626
000379
003394
004079
000309
000733
000152
004738
004731
003303
003280
000107
000561
003480
003182
002611
000593
003117
004506
002061
003956
000343
003355
003367
003434
003584
000852
002020
000384
003875
002082
003189
000592
002204
004743
004578
003288
003563
002564
002694
002454
002615
003278
002386
000847
002156
004780
003309
000636
002747
000027
004530
002725
003244
002094
003273
002267
004105
003620
003622
003105
004656
002679
000296
000352
003653
003211
003668
000878
003642
003536
000233
003745
004516
002012
003021
003572
000833
000324
004488
000563
003733
000793
002300
003710
003550
004353
004619
000221
004489
002650
004639
002269
004733
000890
003697
000865
003380
004613
003843
002255
003420
000288
000789
000214
000132
000872
002665
004271
003647
004091
003788
003428
004214
004263
000399
003006
003249
003679
003666
003219
000646
003096
000054
002109
002101
002713
003694
002710
000739
002444
003137
003795
003059
004082
002778
000880
004625
000441
003599
002660
002823
003224
000832
004151
003999
003334
000183
004040
004067
003954
004574
000777
002184
004075
004208
002840
004545
000759
002518
003024
003222
000286
000113
003395
003817
004294
002110
000231
000605
002793
002138
000704
002626
000123
000442
004060
003171
003612
000468
003935
000353
002088
002544
002171
002170
000397
003131
003065
004069
004500
000661
004741
004145
003605
002103
004713
002182
000693
002207
003456
004194
002698
004165
000582
000338
000758
000577
004753
004342
003019
000753
003479
000042
000754
002261
002271
000414
000565
003234
003026
003453
002008
000914
002155
003356
003331
004474
003720
000721
003913
002137
000423
002630
002081
003654
000265
002553
002303
002203
003546
004593
003010
000822
004074
002700
000252
002409
003047
003541
004575
003465
000885
004117
002218
003560
003524
002365
000511
000782
002305
002708
003552
003316
002382
002463
004406
000266
000104
004590
002357
003051
003376
000315
003537
003867
000518
004680
000564
004796
000688
002588
003847
000008
004127
003726
000791
003692
004651
004792
002584
004416
002526
003252
004174
002341
004045
002358
000321
002811
003272
002472
004424
003805
003958
000621
002554
002505
004264
004097
002126
002669
004248
000591
000212
002430
003731
004728
000579
004142
004207
002482
002302
000332
003414
000026
004645
002580
000047
002145
003455
004030
000910
000608
003296
003760
004648
000164
000430
004362
000667
000417
003199
003167
002647
002629
004157
004633
004191
000731
003097
003997
003436
002233
004111
003410
003050
000663
003988
002693
002183
000030
002757
003912
002714
003722
003485
004217
000597
000020
003247
003038
003665
000649
004746
003495
000867
000403
000370
002254
003810
000196
002703
003255
004411
002829
000154
002799
003658
004451
003007
003375
000722
002210
000546
004605
003687
002347
003870
000075
003561
003475
003041
003857
003923
004287
000691
000788
003335
000683
000502
002340
004491
002318
002177
000862
000619
000105
002801
003438
004270
004791
002538
003163
000209
000392
000367
002535
004020
004421
004345
003073
004603
002602
000166
004086
000383
000772
003100
004350
004787
003974
003181
002189
000673
004029
004181
004464
004606
000590
003585
002329
003789
000058
002592
003674
004444
003061
002379
002575
000246
004534
000234
003871
004649
003220
003198
004198
003326
002807
000496
000038
004085
002413
002816
004582
000459
000540
002078
004425
003002
002056
003103
002370
002044
003322
003305
003492
000422
004131
004279
002831
000446
000409
002166
000559
003600
000487
000185
004712
000802
000515
003602
003264
002010
003240
000856
003462
003626
000697
004073
000907
000404
004312
002620
000046
000556
000727
004401
003783
000460
002372
000531
003374
000567
002577
002334
000553
003378
003927
002194
004230
003315
004704
004210
004509
002238
004756
000059
003218
002685
003982
003761
002319
003365
000548
000219
000526
003613
000361
002130
002715
002047
004586
004201
003631
000281
000327
002636
003158
004627
002314
003474
002689
000247
002496
004541
000257
002069
004180
002832
003283
000179
003794
002438
002107
002251
003501
003291
004537
004354
002533
002627
000586
002143
000431
003238
000762
003237
003533
002730
003235
000587
003523
000065
002279
004268
002041
003441
002085
004573
003123
000494
004243
004125
004407
000406
003945
002327
003846
003503
002392
002664
003363
002029
004706
000514
002399
000171
004282
004221
003172
004553
004027
004477
003811
000551
004778
003497
003725
003190
002506
004089
002065
000808
004650
000884
002450
002783
002780
000863
002425
004522
004571
003688
003937
003511
000775
000438
004382
000499
003825
003774
002040
004004
002304
004185
004139
000471
000036
002794
003890
003894
000297
003793
000895
003901
004028
004745
004660
002239
002436
002352
002834
000724
003532
002026
004154
003287
002702
000205
000311
000206
004550
002684
003887
003900
003786
000360
004018
003055
000718
002030
002532
003229
000834
004486
000073
003332
004389
002380
002818
004160
004225
003601
002277
002179
000717
002337
004014
003324
000150
003568
003984
000896
003921
003082
003089
002619
003802
000282
000690
003032
000906
004352
004186
004331
000275
002738
003629
003338
000039
003741
002622
004269
003791
002785
002095
002284
003936
004761
002815
004589
000182
000810
000190
000509
003310
002043
000707
004699
000829
002722
003037
003377
002644
000366
002017
002231
004219
004339
000845
004465
003439
003069
004675
002070
002559
003418
002720
000503
003827
003968
004297
000879
003175
003699
004340
002240
002087
003835
004196
000195
000705
002603
002648
003025
002104
004316
000224
003118
004026
000103
003989
000251
002162
004462
000101
000666
002442
002788
004288
002514
002432
003542
004727
004689
003153
003579
002762
000757
004795
004609
003919
003228
004023
003360
000767
004278
003098
003110
004136
004034
004152
003553
003177
000477
002072
003748
003145
002755
003768
004080
003035
000135
003881
003276
004716
003544
002295
002566
000740
003387
002645
003016
003977
000751
000778
003520
004392
003015
002076
003716
004286
000875
000500
003487
003578
004475
000138
002827
003250
000418
002360
004053
000736
003598
004366
003545
002822
002371
000082
000092
000192
003114
002729
004016
000426
002695
004562
002819
003771
000049
003101
003285
002534
003106
000839
004480
004334
004003
000018
000746
002158
002264
004789
002716
003804
002187
002474
003216
003147
003898
003186
003715
000892
003422
000623
003268
004515
003347
002609
002724
002108
003068
003508
003407
000087
002122
004130
003850
003874
003853
000528
002417
003236
003399
002161
002359
002037
002608
000167
000764
004303
002773
000380
002519
004116
000341
004141
003903
002063
000698
003676
000484
004596
003504
002523
003176
002404
000510
000284
004413
000005
003880
004455
003661
004015
004766
000115
003391
003070
004468
000313
004204
003773
002316
003083
000554
003527
002221
000198
004662
003995
002331
002096
002806
000451
002639
000130
002049
003911
004482
003370
002131
003630
003967
000108
002192
002115
003594
000805
002350
003076
003736
002543
003116
003660
002426
000801
002507
000842
003444
000517
004447
002100
003638
000806
002157
000575
000776
003615
004298
003973
002416
000289
000148
002052
000006
004773
003433
000269
003530
000665
000599
000037
002361
002760
004763
004295
003991
002180
003154
003043
004395
000126
003496
003683
003368
003834
003297
004322
000388
002216
000807
000600
002211
002754
002491
002313
004050
004785
004252
004642
004327
003627
004729
000825
002387
002734
004415
004805
004583
004002
003535
004213
003770
000804
002460
000271
002769
004289
000085
004036
003173
002373
004567
002635
002169
000163
003464
003104
004703
004148
003389
003971
002252
002152
004408
004758
000215
003706
003180
003424
003597
002272
003281
003411
000710
002485
002593
002089
003261
002253
004005
002565
000669
002610
004431
000784
000230
003358
004452
002154
003354
004323
002397
004032
000796
003985
000521
000916
004361
003081
004632
003518
003740
003701
004285
004647
000304
000461
003164
000719
002814
004580
004007
004569
002617
000525
000264
000687
000012
003361
002764
004801
000786
002670
002585
002456
004404
004386
000913
004450
004325
000573
000443
003214
002453
000290
000620
003246
002697
000291
004442
004426
003828
003058
000524
003001
004735
003020
000674
003386
004568
000334
002676
004439
003231
004585
002751
002220
003473
000174
004253
004044
000445
004320
002196
000169
002576
003008
003693
004714
002285
004432
002448
003053
002209
004508
000204
004375
003345
000501
003868
004150
004445
002756
002652
003718
002294
003765
004324
002283
004199
002656
002586
004338
000835
003066
003863
000853
003738
003905
000750
002031
002492
000100
002587
004149
004178
002640
003128
004265
003390
004460
002201
004636
000074
003031
003227
004496
004046
000798
002733
003293
004304
002621
004211
002420
003583
004380
003258
004176
002841
000077
004772
003908
000637
000821
000223
004123
002246
000603
002839
002500
003800
000643
002015
004434
004107
002541
004033
004283
003169
003885
000068
003323
002378
000642
002336
002093
003652
003754
004183
002510
000016
003855
002395
000437
003217
004100
000570
002039
002581
004013
003344
004070
002704
002091
000316
002163
003028
002151
002259
004594
002446
002675
003643
002494
003470
003091
000844
000280
003513
000454
000827
000490
000307
000576
000595
000898
004782
002479
000702
002275
003704
004379
004630
004511
003910
000541
004232
004115
003623
002268
004579
003115
004112
003242
000425
002753
000090
002199
000213
004742
003606
003899
002445
004512
000488
003126
004635
002084
002513
000774
000359
003886
003003
003481
000536
002403
004678
004255
000701
004333
002493
003531
003486
003109
000876
003778
004374
003443
002411
000703
002260
004114
000874
004744
000769
000864
004397
004688
004272
003970
002051
000140
004383
002765
004752
002440
003659
003712
003852
003491
004367
003409
003651
004681
003022
004499
004644
004049
002727
003822
003417
000396
003641
002276
000428
003321
000187
004435
002384
003328
000725
003829
002200
004479
004254
000217
002766
003512
000450
003499
000351
002821
004492
004757
002796
004717
002504
002638
002661
004058
003816
004332
003184
004798
003938
002407
000547
003063
003614
004774
000202
003916
000537
000274
004167
000720
000211
000194
003208
003671
003732
004618
004454
003909
003489
003194
003859
000618
002687
003929
000283
002197
002597
003640
004164
002234
002223
002787
002181
003689
000729
004251
002393
000909
002723
004437
002344
002836
004595
004806
004495
003972
002688
003691
000846
002160
003408
000149
000480
002771
004786
003342
003759
000497
002391
004417
003162
003030
004234
004368
002230
002118
003062
004461
004707
004261
003891
000815
002737
002324
003476
003994
002701
003113
002555
004246
004182
000848
002035
002655
000318
004620
002509
003468
002394
003575
000569
002542
002696
002195
003088
000362
003914
004556
002547
002390
003889
000226
002820
002752
004358
000741
002349
000410
004218
000356
003996
002758
003187
000216
002594
003540
003830
000792
003265
003402
004355
002356
002503
000386
002326
004476
002102
002461
000007
002709
000391
002556
003669
002289
004592
000640
004453
003806
002247
003327
004051
002774
003953
000748
000222
002270
004250
002293
002075
002338
000588
002071
002825
000819
004359
003856
002023
002332
002536
000416
002512
002487
000045
003071
004024
004779
000700
004576
004056
004072
003500
000476
002791
002429
003188
004551
004599
000851
002740
004119
002389
003707
003775
000128
002185
004341
004549
003882
003845
000555
003551
003703
000662
004621
000022
000091
000268
002495
003248
004747
003684
004241
003734
004118
004329
000109
000161
000699
004616
003435
003136
002524
003450
002080
004047
004090
000312
003521
003472
002227
002653
004242
000904
004138
003596
003719
003125
004754
003127
002719
000110
000639
004126
002582
000655
002797
000081
003986
004736
003396
004467
004749
002560
002651
004124
002415
000371
002228
002273
004505
002467
000627
004414
000189
000672
000225
002418
002624
004422
002025
004224
003067
003445
000647
002412
002222
002717
004581
003029
003866
002019
003206
002632
003557
004502
004321
003429
003454
000803
000483
002810
000053
004777
000051
002243
003538
003838
003425
003751
003849
002441
000472
002478
000098
000520
000344
003359
002124
000317
000652
000124
002098
004357
000028
003505
000809
003861
004536
003471
004400
003826
003463
003803
003057
002363
002421
000752
003157
003092
000394
003872
000768
003892
003072
003442
000664
003931
003526
003809
003998
000270
002462
000841
003755
002692
000869
000330
000711
003095
003289
003777
002134
004391
004376
002241
000612
004584
002018
004659
004463
002427
004436
004092
003056
003431
002402
000811
002009
002800
003416
000067
000723
003592
003888
004200
000143
003992
000193
000125
003590
000239
003790
003851
002690
002401
003033
003017
003961
004197
004337
002173
004310
000761
004314
000060
000455
003042
002057
000870
000303
000893
002055
000766
004721
000469
000696
004084
002457
002355
002405
003284
004399
002473
000594
002596
003269
002497
003543
002521
002006
002053
000191
003318
002422
000812
002833
000448
002613
002309
003582
000539
004171
000411
002705
004313
000024
002079
000220
002172
002027
004518
004012
004205
003672
004203
002759
002517
000413
000025
000048
003233
004554
003140
003662
000080
000583
003841
000010
000136
003437
000293
003873
000378
004010
000486
003060
000651
003012
003148
003142
002489
002106
000118
004566
000044
003510
003611
004591
002625
000742
003193
003705
000427
004077
003023
004676
002306
000052
002242
003744
002824
004643
002681
003159
003570
004490
004768
004700
002686
004335
000301
000106
004558
002570
003978
003930
002190
003980
000429
003179
003650
000550
003168
002033
000826
000200
000634
004775
004192
002437
004427
004449
000557
000504
000011
003054
002176
002459
000781
003223
003040
000254
002193
